NDK_VERSION=20.0.5594570
CMAKE_VERSION=3.10.2.4988404
IMAGE_VERSION=ndk-20.0.5594570
